{
 "cells": [
  {
   "cell_type": "code",
   "execution_count": 1,
   "id": "initial_id",
   "metadata": {
    "collapsed": true
   },
   "outputs": [],
   "source": [
    "import sys\n",
    "sys.path.append(\"..\")\n",
    "from src.data.representation.multiple_hypergraph import *\n",
    "from formetric import *\n",
    "from src.model.mulit_model import *\n",
    "from src.f1_score import *\n",
    "from src.for_CS import *\n",
    "import joblib\n",
    "from LP import * \n",
    "from formetric import Get_cross_array"
   ]
  },
  {
   "cell_type": "code",
   "execution_count": 12,
   "id": "4a9e1e5e",
   "metadata": {},
   "outputs": [
    {
     "data": {
      "text/plain": [
       "{0: array([[1.00000000e+000, 2.01111191e-086, 6.28624926e-134,\n",
       "         0.00000000e+000, 4.51790921e-104],\n",
       "        [7.52543328e-001, 6.67892736e-002, 1.09769550e-001,\n",
       "         9.22948892e-013, 7.08978485e-002],\n",
       "        [8.33039862e-001, 1.29698385e-055, 4.23812304e-046,\n",
       "         5.02863995e-108, 1.66960138e-001],\n",
       "        [1.00000000e+000, 5.70633110e-145, 1.38715926e-180,\n",
       "         1.27618923e-315, 3.99418849e-154],\n",
       "        [6.97212818e-001, 5.83212111e-057, 0.00000000e+000,\n",
       "         3.02787182e-001, 0.00000000e+000],\n",
       "        [9.99999989e-001, 3.39002268e-064, 3.98127008e-042,\n",
       "         2.06517443e-048, 1.11892380e-008],\n",
       "        [7.60987048e-001, 1.19965550e-001, 1.86294725e-183,\n",
       "         1.19047402e-001, 1.04783011e-031],\n",
       "        [3.89218031e-001, 1.09347258e-001, 1.14127940e-015,\n",
       "         2.02791819e-040, 5.01434712e-001],\n",
       "        [7.48405658e-001, 8.63622979e-002, 1.07123900e-001,\n",
       "         5.81081439e-002, 7.45063971e-070],\n",
       "        [2.63038994e-001, 3.32663606e-002, 2.51654888e-058,\n",
       "         4.34288562e-001, 2.69406083e-001],\n",
       "        [1.00000000e+000, 2.68990008e-038, 3.76141691e-058,\n",
       "         3.62543810e-024, 4.23160711e-050],\n",
       "        [1.00000000e+000, 1.92445287e-048, 2.57635848e-158,\n",
       "         1.94010926e-047, 1.33529186e-138],\n",
       "        [1.00000000e+000, 1.40734731e-053, 2.08541862e-159,\n",
       "         1.00881482e-104, 7.53773882e-143],\n",
       "        [6.36880903e-001, 3.63119097e-001, 7.52169931e-052,\n",
       "         6.10844039e-049, 7.23579762e-025],\n",
       "        [7.96422276e-001, 2.03577724e-001, 4.58358333e-157,\n",
       "         1.55272152e-021, 2.56056775e-113],\n",
       "        [9.68128218e-127, 1.14832249e-001, 8.67482421e-162,\n",
       "         8.85167751e-001, 2.55023733e-042],\n",
       "        [2.42875915e-117, 5.53082992e-064, 1.09547562e-001,\n",
       "         8.29993444e-001, 6.04589947e-002],\n",
       "        [6.16042306e-080, 9.41622606e-002, 1.15597690e-080,\n",
       "         9.05837739e-001, 4.72617687e-018],\n",
       "        [7.24324922e-002, 1.07153005e-001, 8.26604348e-084,\n",
       "         8.20414503e-001, 1.48192900e-059],\n",
       "        [2.22199365e-069, 3.20492720e-092, 3.30305548e-031,\n",
       "         8.60227628e-001, 1.39772372e-001],\n",
       "        [3.38823868e-030, 3.49451084e-001, 1.51898507e-050,\n",
       "         6.50548916e-001, 5.74543790e-030],\n",
       "        [8.11307537e-085, 1.12294910e-037, 3.09846011e-113,\n",
       "         1.00000000e+000, 8.90909061e-162],\n",
       "        [5.98508220e-036, 1.87842888e-023, 2.72720666e-001,\n",
       "         6.65959080e-001, 6.13202540e-002],\n",
       "        [2.27717200e-139, 1.00000000e+000, 3.98863587e-037,\n",
       "         9.44905743e-049, 5.50817971e-032],\n",
       "        [1.72153116e-001, 4.53662620e-023, 2.52361473e-008,\n",
       "         6.60862069e-001, 1.66984790e-001],\n",
       "        [9.33458953e-002, 3.91113894e-002, 2.66006928e-001,\n",
       "         6.01535787e-001, 5.43818237e-059],\n",
       "        [6.28930643e-019, 4.99582009e-001, 4.47335379e-080,\n",
       "         5.00417991e-001, 2.19439742e-013],\n",
       "        [1.48786520e-077, 1.32849488e-001, 5.23359999e-059,\n",
       "         8.67150512e-001, 3.20463352e-054],\n",
       "        [6.97869621e-009, 1.32622828e-035, 5.64998651e-146,\n",
       "         9.99999993e-001, 4.30315959e-174],\n",
       "        [2.84116347e-002, 1.03087335e-001, 1.33162066e-057,\n",
       "         8.68501031e-001, 4.98091148e-127],\n",
       "        [7.22390717e-041, 1.60626438e-001, 6.13150054e-056,\n",
       "         8.39373562e-001, 2.12866227e-176],\n",
       "        [5.41979414e-090, 4.07513771e-001, 1.81303287e-106,\n",
       "         5.92486229e-001, 5.18854514e-014],\n",
       "        [2.86488099e-001, 9.05207816e-012, 0.00000000e+000,\n",
       "         7.13511901e-001, 7.74031007e-143],\n",
       "        [3.33454852e-006, 4.88039271e-001, 8.13947319e-065,\n",
       "         5.11957395e-001, 2.29713587e-036],\n",
       "        [3.01311267e-078, 1.03272847e-029, 1.94617710e-001,\n",
       "         8.05382290e-001, 1.55679766e-012],\n",
       "        [2.94941348e-001, 5.50987178e-002, 3.16398399e-077,\n",
       "         5.74703047e-001, 7.52568875e-002],\n",
       "        [5.03708590e-065, 1.02506919e-022, 2.03176681e-134,\n",
       "         1.00000000e+000, 4.74360999e-111],\n",
       "        [3.84935080e-002, 3.42105479e-011, 7.05628914e-082,\n",
       "         9.61506492e-001, 1.32476915e-036],\n",
       "        [2.02420583e-046, 1.58526926e-040, 2.26558633e-001,\n",
       "         7.73441367e-001, 3.83330201e-141],\n",
       "        [8.04804912e-002, 7.50400728e-030, 5.54232496e-085,\n",
       "         9.19519509e-001, 1.64474870e-132],\n",
       "        [3.65963829e-240, 4.10296406e-042, 0.00000000e+000,\n",
       "         1.00000000e+000, 0.00000000e+000],\n",
       "        [0.00000000e+000, 7.35291026e-001, 8.28956805e-065,\n",
       "         5.24668057e-087, 2.64708974e-001],\n",
       "        [4.64174380e-051, 3.45125934e-028, 3.78571568e-155,\n",
       "         0.00000000e+000, 1.00000000e+000],\n",
       "        [2.78647949e-125, 1.10586628e-019, 8.68136495e-002,\n",
       "         7.60758577e-008, 9.13186274e-001],\n",
       "        [1.35318123e-001, 6.16024056e-015, 2.49230196e-060,\n",
       "         3.61220246e-059, 8.64681877e-001],\n",
       "        [7.87825496e-002, 1.00762943e-014, 8.35565614e-002,\n",
       "         1.57240293e-007, 8.37660732e-001],\n",
       "        [6.90312273e-011, 2.14408695e-001, 2.67271610e-001,\n",
       "         1.37407686e-021, 5.18319695e-001],\n",
       "        [8.54418971e-208, 2.57809122e-099, 2.30922908e-001,\n",
       "         4.80894045e-132, 7.69077092e-001],\n",
       "        [4.46287748e-077, 2.26031206e-001, 1.77923671e-054,\n",
       "         1.56797547e-034, 7.73968794e-001],\n",
       "        [1.96904932e-126, 1.47124438e-001, 1.27111623e-089,\n",
       "         1.12399733e-155, 8.52875562e-001],\n",
       "        [4.00637373e-087, 7.67708008e-021, 5.51172375e-075,\n",
       "         3.94095863e-126, 1.00000000e+000],\n",
       "        [1.99989897e-001, 1.33855335e-014, 3.95490512e-001,\n",
       "         9.34232825e-150, 4.04519591e-001],\n",
       "        [3.79922252e-085, 3.57329522e-003, 1.49644173e-001,\n",
       "         1.23874302e-001, 7.22908230e-001],\n",
       "        [3.77621734e-020, 5.18503212e-001, 2.17977563e-038,\n",
       "         1.03078518e-054, 4.81496788e-001],\n",
       "        [3.09200200e-029, 2.28941339e-067, 3.44761157e-001,\n",
       "         6.44235337e-005, 6.55174419e-001],\n",
       "        [1.20222812e-074, 1.82572482e-046, 1.27835231e-047,\n",
       "         9.53921026e-002, 9.04607897e-001],\n",
       "        [9.64656388e-010, 3.83586899e-001, 9.31123255e-002,\n",
       "         3.22201249e-034, 5.23300774e-001],\n",
       "        [4.82661249e-007, 2.28974071e-010, 1.21058219e-077,\n",
       "         2.10152205e-033, 9.99999517e-001],\n",
       "        [4.22198099e-123, 1.13468732e-041, 1.82368819e-001,\n",
       "         2.40758909e-013, 8.17631181e-001],\n",
       "        [3.57037487e-012, 7.42961377e-029, 1.66121022e-001,\n",
       "         1.32906949e-002, 8.20588283e-001],\n",
       "        [5.78339406e-066, 4.68647005e-001, 1.99072139e-001,\n",
       "         1.21728660e-028, 3.32280856e-001],\n",
       "        [2.94323449e-012, 1.84878882e-001, 2.38069844e-001,\n",
       "         1.57764279e-052, 5.77051274e-001],\n",
       "        [2.34487188e-001, 4.47789478e-076, 1.95918811e-094,\n",
       "         0.00000000e+000, 7.65512812e-001],\n",
       "        [2.50465376e-056, 6.83036782e-001, 1.05090588e-032,\n",
       "         1.04332679e-110, 3.16963218e-001],\n",
       "        [1.57987401e-031, 7.41956338e-002, 5.55796311e-043,\n",
       "         3.71939271e-050, 9.25804366e-001],\n",
       "        [2.54443659e-074, 5.16092970e-077, 8.77843358e-080,\n",
       "         2.72110750e-078, 1.00000000e+000],\n",
       "        [5.48460539e-095, 5.77301370e-136, 2.04426003e-070,\n",
       "         0.00000000e+000, 1.00000000e+000],\n",
       "        [2.38471779e-099, 7.35754619e-001, 5.88508112e-109,\n",
       "         4.01823871e-290, 2.64245381e-001],\n",
       "        [1.52927823e-098, 0.00000000e+000, 2.50387431e-061,\n",
       "         8.76280474e-097, 1.00000000e+000],\n",
       "        [4.19853059e-115, 1.10022293e-031, 1.38019901e-062,\n",
       "         1.75303716e-195, 1.00000000e+000],\n",
       "        [6.72507195e-011, 5.09468410e-001, 1.35418154e-045,\n",
       "         5.14405039e-008, 4.90531539e-001],\n",
       "        [1.95877210e-159, 5.12170634e-035, 2.74349792e-001,\n",
       "         2.90329417e-190, 7.25650208e-001],\n",
       "        [1.35351207e-001, 1.45984501e-027, 1.82468105e-001,\n",
       "         8.03412180e-152, 6.82180688e-001],\n",
       "        [2.90103493e-022, 7.14179777e-001, 1.75441222e-066,\n",
       "         5.34191128e-062, 2.85820223e-001],\n",
       "        [2.51455113e-036, 4.16559629e-001, 1.49676387e-132,\n",
       "         5.87296514e-007, 5.83439784e-001],\n",
       "        [1.44878071e-030, 3.69320641e-033, 0.00000000e+000,\n",
       "         5.86353165e-001, 4.13646835e-001],\n",
       "        [2.01937069e-001, 4.84865606e-001, 3.13197325e-001,\n",
       "         1.82683955e-036, 3.93715135e-024],\n",
       "        [3.86170929e-001, 6.13829071e-001, 1.67860749e-044,\n",
       "         4.46568671e-017, 6.61490404e-069],\n",
       "        [1.19250673e-082, 6.10607175e-001, 3.89392825e-001,\n",
       "         4.16945017e-051, 2.94645546e-041],\n",
       "        [1.24090784e-147, 0.00000000e+000, 1.00000000e+000,\n",
       "         3.82250307e-140, 4.09863416e-054],\n",
       "        [4.87018403e-143, 2.44165409e-001, 7.55834591e-001,\n",
       "         2.57786415e-118, 1.00253541e-029],\n",
       "        [0.00000000e+000, 2.97764675e-080, 1.00000000e+000,\n",
       "         3.39097015e-052, 3.67337279e-068],\n",
       "        [5.46607260e-006, 3.33834116e-046, 9.99883230e-001,\n",
       "         1.63235500e-117, 1.11303548e-004],\n",
       "        [4.07538285e-016, 1.12034992e-080, 1.00000000e+000,\n",
       "         2.67239068e-016, 7.83493352e-049],\n",
       "        [2.23316337e-114, 4.81732479e-143, 1.00000000e+000,\n",
       "         6.98608223e-167, 2.46479130e-035],\n",
       "        [1.37121793e-090, 1.12800972e-025, 1.00000000e+000,\n",
       "         1.95464924e-092, 2.78298129e-013],\n",
       "        [3.50544704e-025, 2.00149774e-040, 1.00000000e+000,\n",
       "         3.20499794e-174, 0.00000000e+000],\n",
       "        [6.73908289e-125, 5.63544071e-057, 1.00000000e+000,\n",
       "         7.47170410e-075, 4.27793439e-100],\n",
       "        [3.02440900e-130, 2.58110999e-066, 1.00000000e+000,\n",
       "         2.16810254e-075, 1.32508098e-039],\n",
       "        [1.27448952e-119, 1.64778521e-046, 1.00000000e+000,\n",
       "         5.59244343e-044, 0.00000000e+000],\n",
       "        [7.22777985e-131, 3.70570252e-068, 1.00000000e+000,\n",
       "         6.49874610e-093, 1.80268930e-120],\n",
       "        [8.70239002e-121, 1.02327952e-081, 1.00000000e+000,\n",
       "         9.08535182e-067, 0.00000000e+000]]),\n",
       " 1: array([[1.82134195e-086, 3.15106579e-173, 4.19101985e-035,\n",
       "         1.00000000e+000, 5.71063563e-073],\n",
       "        [3.34339494e-067, 1.48101850e-036, 1.93651847e-001,\n",
       "         8.06348153e-001, 1.99932179e-045],\n",
       "        [2.14458392e-016, 3.88868039e-168, 3.42153951e-021,\n",
       "         1.00000000e+000, 1.17424223e-037],\n",
       "        [4.53750387e-190, 0.00000000e+000, 1.15702519e-080,\n",
       "         1.00000000e+000, 0.00000000e+000],\n",
       "        [8.13510069e-142, 5.11039894e-143, 7.58372896e-097,\n",
       "         1.00000000e+000, 0.00000000e+000],\n",
       "        [2.44153828e-053, 1.12575490e-142, 2.10227913e-071,\n",
       "         1.00000000e+000, 0.00000000e+000],\n",
       "        [4.63259330e-047, 1.38301856e-022, 1.86402387e-001,\n",
       "         8.13597613e-001, 6.74479143e-050],\n",
       "        [7.42848102e-001, 1.60379322e-077, 1.18803767e-018,\n",
       "         2.50925765e-001, 6.22613270e-003],\n",
       "        [8.54061637e-026, 1.49871698e-001, 7.99150475e-002,\n",
       "         7.70213229e-001, 2.56033943e-008],\n",
       "        [1.43363672e-001, 2.93089461e-043, 6.61109644e-009,\n",
       "         8.56636321e-001, 3.43794856e-013],\n",
       "        [4.31218588e-082, 1.15608378e-059, 2.62978749e-007,\n",
       "         9.99999737e-001, 1.15035611e-040],\n",
       "        [1.89336669e-038, 2.92747182e-088, 1.22126809e-001,\n",
       "         8.77873191e-001, 3.91727423e-033],\n",
       "        [7.77353815e-074, 1.37838301e-090, 4.85668330e-035,\n",
       "         1.00000000e+000, 0.00000000e+000],\n",
       "        [1.70938539e-001, 6.83646716e-002, 6.59403598e-002,\n",
       "         6.94756430e-001, 1.16273618e-027],\n",
       "        [1.60128326e-076, 5.59697899e-094, 3.74905827e-014,\n",
       "         1.00000000e+000, 5.92840658e-040],\n",
       "        [2.87269672e-043, 4.17609863e-144, 8.87750528e-016,\n",
       "         2.34082682e-117, 1.00000000e+000],\n",
       "        [4.50458154e-023, 3.19127633e-052, 1.41932488e-039,\n",
       "         7.77823889e-110, 1.00000000e+000],\n",
       "        [1.32842884e-017, 3.59912541e-162, 3.04961721e-002,\n",
       "         1.45376636e-087, 9.69503828e-001],\n",
       "        [2.13102566e-083, 3.94450722e-135, 4.40917344e-002,\n",
       "         2.01041865e-106, 9.55908266e-001],\n",
       "        [5.43238919e-185, 1.57786878e-156, 8.20302098e-046,\n",
       "         0.00000000e+000, 1.00000000e+000],\n",
       "        [1.54496839e-001, 5.41719472e-002, 9.92306482e-002,\n",
       "         2.05008253e-002, 6.71599740e-001],\n",
       "        [7.66622537e-032, 1.62331556e-133, 1.15592238e-001,\n",
       "         1.43910069e-084, 8.84407762e-001],\n",
       "        [3.45368847e-024, 1.68123786e-001, 2.33317026e-001,\n",
       "         3.82804261e-051, 5.98559188e-001],\n",
       "        [6.04209406e-001, 4.28536299e-093, 8.87286679e-011,\n",
       "         1.87712608e-034, 3.95790593e-001],\n",
       "        [2.55388492e-070, 0.00000000e+000, 7.63551341e-027,\n",
       "         3.17126558e-001, 6.82873442e-001],\n",
       "        [5.91555992e-029, 3.04546080e-001, 4.04636287e-002,\n",
       "         1.46181994e-001, 5.08808297e-001],\n",
       "        [3.10472542e-076, 9.12096483e-005, 2.83280303e-002,\n",
       "         1.42011858e-001, 8.29568903e-001],\n",
       "        [1.13852507e-092, 1.09404374e-084, 8.07381974e-002,\n",
       "         2.34554491e-092, 9.19261803e-001],\n",
       "        [1.11780498e-194, 1.28611966e-022, 8.61308073e-002,\n",
       "         6.87723295e-029, 9.13869193e-001],\n",
       "        [1.74634516e-066, 1.22118576e-001, 4.80317784e-023,\n",
       "         7.45155260e-002, 8.03365898e-001],\n",
       "        [1.09406491e-130, 1.19421120e-016, 9.63108533e-002,\n",
       "         8.78846900e-058, 9.03689147e-001],\n",
       "        [7.24640989e-060, 2.28713946e-090, 1.81555059e-001,\n",
       "         2.70992551e-081, 8.18444941e-001],\n",
       "        [0.00000000e+000, 2.63926870e-136, 1.36062341e-023,\n",
       "         3.23998572e-066, 1.00000000e+000],\n",
       "        [1.48715552e-095, 8.12597646e-056, 7.84959520e-017,\n",
       "         1.87988934e-001, 8.12011066e-001],\n",
       "        [1.24453470e-019, 3.28311000e-001, 8.65780015e-019,\n",
       "         7.58018335e-002, 5.95887166e-001],\n",
       "        [4.94701421e-019, 5.40476356e-049, 1.77760492e-001,\n",
       "         2.22053673e-001, 6.00185835e-001],\n",
       "        [9.91738531e-070, 2.90946855e-067, 2.10579084e-001,\n",
       "         3.11202837e-052, 7.89420916e-001],\n",
       "        [2.83283506e-051, 2.22336434e-060, 2.01201172e-011,\n",
       "         2.02457873e-001, 7.97542127e-001],\n",
       "        [2.88282369e-165, 2.09136850e-001, 0.00000000e+000,\n",
       "         5.81988246e-052, 7.90863150e-001],\n",
       "        [2.79875673e-014, 1.01711148e-001, 2.62322018e-002,\n",
       "         1.71189663e-001, 7.00866987e-001],\n",
       "        [0.00000000e+000, 7.06000257e-084, 3.91231684e-001,\n",
       "         6.63492223e-006, 6.08761681e-001],\n",
       "        [1.00000000e+000, 8.36465480e-099, 2.64655417e-097,\n",
       "         8.33957845e-150, 0.00000000e+000],\n",
       "        [1.00000000e+000, 2.88154423e-099, 6.89967427e-051,\n",
       "         2.06855943e-074, 2.78642868e-147],\n",
       "        [8.17408247e-001, 1.82591753e-001, 1.80369688e-011,\n",
       "         1.75753358e-079, 9.60236236e-171],\n",
       "        [7.75325234e-001, 8.85725952e-040, 1.99996426e-002,\n",
       "         2.04675124e-001, 1.21564598e-026],\n",
       "        [7.12609755e-001, 7.58988971e-002, 6.08083827e-002,\n",
       "         1.42983601e-001, 7.69936448e-003],\n",
       "        [6.43213023e-001, 2.62326427e-001, 9.44605500e-002,\n",
       "         2.16227728e-021, 3.31403839e-021],\n",
       "        [6.13911808e-001, 2.65386864e-001, 3.16718561e-078,\n",
       "         0.00000000e+000, 1.20701329e-001],\n",
       "        [9.99999999e-001, 1.17106771e-017, 1.21963889e-009,\n",
       "         4.68989841e-019, 2.80049214e-043],\n",
       "        [1.00000000e+000, 5.60277539e-115, 1.68059924e-061,\n",
       "         7.95480848e-118, 1.33488041e-137],\n",
       "        [1.00000000e+000, 2.07658788e-122, 1.50324331e-069,\n",
       "         7.90751297e-019, 1.32756804e-126],\n",
       "        [5.78920145e-001, 1.60465695e-001, 8.82026795e-002,\n",
       "         1.72411481e-001, 1.59832188e-046],\n",
       "        [8.91739264e-001, 2.69570092e-003, 6.32531010e-002,\n",
       "         2.73628940e-016, 4.23119342e-002],\n",
       "        [8.76329443e-001, 5.86147604e-017, 1.23670557e-001,\n",
       "         3.62303952e-031, 6.72683194e-035],\n",
       "        [6.99866089e-001, 3.00133911e-001, 7.68886722e-013,\n",
       "         2.39797312e-085, 5.38308554e-089],\n",
       "        [8.78114131e-001, 2.03628669e-057, 1.37538105e-021,\n",
       "         4.31705472e-046, 1.21885869e-001],\n",
       "        [1.00000000e+000, 2.40556647e-064, 1.22616766e-013,\n",
       "         2.30084943e-015, 3.68630833e-116],\n",
       "        [1.00000000e+000, 6.66338744e-108, 4.93411592e-050,\n",
       "         8.44843770e-106, 5.64554248e-187],\n",
       "        [8.86240692e-001, 4.21460526e-053, 3.60612374e-033,\n",
       "         1.13759308e-001, 1.18071625e-124],\n",
       "        [7.73807317e-001, 1.15305093e-001, 3.32387762e-064,\n",
       "         1.11945526e-077, 1.10887590e-001],\n",
       "        [5.48688695e-001, 2.48139485e-001, 2.03171820e-001,\n",
       "         1.64307858e-014, 1.14711719e-017],\n",
       "        [9.24531874e-001, 1.89267574e-039, 7.54681256e-002,\n",
       "         3.25569317e-095, 1.19938483e-038],\n",
       "        [7.97162961e-001, 0.00000000e+000, 2.02837039e-001,\n",
       "         1.16758756e-015, 0.00000000e+000],\n",
       "        [7.62368492e-001, 1.26604820e-001, 1.11026688e-001,\n",
       "         8.86593936e-063, 2.44051855e-022],\n",
       "        [8.94095158e-001, 3.26813596e-047, 4.97659598e-002,\n",
       "         5.61388827e-002, 3.76234306e-109],\n",
       "        [1.00000000e+000, 3.18651840e-014, 3.77929579e-081,\n",
       "         6.82662135e-012, 3.07812488e-108],\n",
       "        [1.00000000e+000, 2.19606874e-115, 1.67887654e-039,\n",
       "         1.54574686e-048, 4.01542281e-185],\n",
       "        [1.00000000e+000, 8.04227952e-107, 2.89173956e-024,\n",
       "         2.29802008e-092, 6.39631979e-143],\n",
       "        [1.00000000e+000, 9.76827031e-089, 5.37723706e-097,\n",
       "         2.21259013e-149, 0.00000000e+000],\n",
       "        [1.00000000e+000, 1.70152055e-085, 1.98448226e-062,\n",
       "         6.00281664e-116, 4.54764004e-131],\n",
       "        [6.78903562e-001, 5.61195546e-028, 3.21096438e-001,\n",
       "         1.07201379e-034, 1.32936809e-017],\n",
       "        [8.11056495e-001, 1.88943505e-001, 9.47365934e-077,\n",
       "         1.19898478e-134, 1.28932094e-141],\n",
       "        [8.87341258e-001, 1.12658742e-001, 9.82267928e-062,\n",
       "         9.49094884e-011, 4.95452362e-107],\n",
       "        [8.32193299e-001, 8.83676591e-055, 3.37394938e-044,\n",
       "         1.67806701e-001, 7.75933189e-235],\n",
       "        [8.59882314e-001, 3.82785035e-081, 3.64059212e-002,\n",
       "         2.50035734e-083, 1.03711765e-001],\n",
       "        [1.21274226e-089, 3.34112967e-001, 1.28682275e-244,\n",
       "         5.86286369e-001, 7.96006636e-002],\n",
       "        [1.67348522e-001, 2.78064436e-001, 2.83801675e-001,\n",
       "         2.70785366e-001, 5.65330567e-034],\n",
       "        [3.47914880e-038, 6.08868416e-058, 6.40353272e-001,\n",
       "         3.59646728e-001, 7.82064403e-045],\n",
       "        [9.20911197e-002, 6.47742563e-001, 2.60166317e-001,\n",
       "         5.33116273e-135, 0.00000000e+000],\n",
       "        [2.33692715e-069, 1.00000000e+000, 1.50159270e-051,\n",
       "         6.23279150e-098, 1.68472166e-101],\n",
       "        [1.65827647e-001, 8.34172353e-001, 7.23265292e-019,\n",
       "         2.11680138e-052, 1.85590194e-034],\n",
       "        [4.66775381e-098, 1.00000000e+000, 8.97850759e-020,\n",
       "         0.00000000e+000, 1.66779999e-064],\n",
       "        [3.16548801e-035, 1.00000000e+000, 2.94647262e-056,\n",
       "         8.33231884e-026, 0.00000000e+000],\n",
       "        [2.90352605e-151, 8.49242687e-001, 1.50755271e-001,\n",
       "         7.86266563e-044, 2.04233908e-006],\n",
       "        [1.01844111e-017, 1.00000000e+000, 7.72966549e-047,\n",
       "         7.06370699e-121, 7.40450620e-020],\n",
       "        [1.49197353e-029, 1.00000000e+000, 3.60980016e-039,\n",
       "         2.40311204e-071, 1.98368961e-070],\n",
       "        [1.23967590e-144, 9.26872694e-001, 5.18242628e-018,\n",
       "         3.94801074e-013, 7.31273062e-002],\n",
       "        [7.96601320e-032, 1.00000000e+000, 9.70016285e-042,\n",
       "         0.00000000e+000, 0.00000000e+000],\n",
       "        [3.44439168e-079, 1.00000000e+000, 1.70160381e-018,\n",
       "         9.41875573e-013, 4.64476421e-064],\n",
       "        [3.18504084e-075, 9.26562942e-001, 7.34370582e-002,\n",
       "         2.49797293e-027, 8.69605102e-084],\n",
       "        [1.40229444e-075, 1.00000000e+000, 4.10611654e-062,\n",
       "         2.96208253e-081, 7.32418266e-042],\n",
       "        [2.15472447e-186, 1.00000000e+000, 6.06276009e-083,\n",
       "         1.11701066e-124, 2.49759505e-088]])}"
      ]
     },
     "execution_count": 12,
     "metadata": {},
     "output_type": "execute_result"
    }
   ],
   "source": [
    "# community detection\n",
    "model = joblib.load(r'..\\data\\community_detection\\Workplace\\save_model\\100_5-5_60_True_model.joblib')\n",
    "model.u"
   ]
  },
  {
   "cell_type": "code",
   "execution_count": null,
   "id": "a29b495e",
   "metadata": {},
   "outputs": [
    {
     "data": {
      "text/plain": [
       "np.float64(0.8873)"
      ]
     },
     "execution_count": 11,
     "metadata": {},
     "output_type": "execute_result"
    }
   ],
   "source": [
    "# CS\n",
    "truecom_path = r'..\\data\\community_detection\\Workplace\\com.txt'\n",
    "truecommatrix = comlist_to_matrix(truecom_path)\n",
    "u0 = model.u[0]\n",
    "CS = cosine_similarity(u0, truecommatrix)\n",
    "CS"
   ]
  },
  {
   "cell_type": "code",
   "execution_count": 32,
   "id": "cefef569",
   "metadata": {},
   "outputs": [
    {
     "data": {
      "text/plain": [
       "(np.float64(0.5735), np.float64(0.6335))"
      ]
     },
     "execution_count": 32,
     "metadata": {},
     "output_type": "execute_result"
    }
   ],
   "source": [
    "# community_detection for hospital\n",
    "model_true = joblib.load(r'..\\data\\community_detection\\Hospital\\save_model\\120_4-4_60_True_model.joblib')\n",
    "model_false = joblib.load(r'..\\data\\community_detection\\Hospital\\save_model\\120_4-4_60_False_model.joblib')\n",
    "truecom_path = r'..\\data\\community_detection\\Hospital\\com.txt'\n",
    "truecommatrix = comlist_to_matrix(truecom_path)\n",
    "CS_true = cosine_similarity(model_true.u[0], truecommatrix)\n",
    "CS_false = cosine_similarity(model_false.u[0], truecommatrix)\n",
    "CS_true, CS_false"
   ]
  },
  {
   "cell_type": "code",
   "execution_count": 28,
   "id": "78f624b7",
   "metadata": {},
   "outputs": [],
   "source": [
    "# link_pridiction\n",
    "\"\"\"数据准备\"\"\"\n",
    "folder_path = r\"../data/link_predict/HIGHforLP\"\n",
    "# 训练集路径\n",
    "train_hye_name = r'/hye_train.txt'\n",
    "train_weight_name = r'/weight_train.txt'\n",
    "train_inter_edges_name = r'/inter_edge_train.txt'\n",
    "# 测试集路径\n",
    "test_hye_name = r'/hye_test.txt'\n",
    "test_weight_name = r'/weight_test.txt'\n",
    "test_inter_edges_name = r'/inter_edge_test.txt'\n",
    "\n",
    "train_HY_path = [folder_path + train_hye_name, folder_path + train_weight_name,\n",
    "                    folder_path + train_inter_edges_name]\n",
    "\n",
    "# 初始化训练集的超图\n",
    "train_mphy = multiple_hyper_load(hye_file=train_HY_path[0], weight_file=train_HY_path[1],\n",
    "                                    inter_file=train_HY_path[2])\n",
    "A = train_mphy.A\n",
    "B = train_mphy.B\n",
    "_, N_dic = Get_E_N(A, B)\n",
    "\n",
    "# 测试集层-超边（列表）字典\n",
    "test_meta = get_meta(folder_path + test_hye_name)\n",
    "test_hye_dic_lst = get_hye_list(test_meta)\n",
    "test_hye_dic_arr = Get_arry(test_hye_dic_lst)\n",
    "\n",
    "# 保留不大于D的超边\n",
    "D = 200\n",
    "test_hye_dic_arrD = keep_D_hye(test_hye_dic_arr, D)"
   ]
  },
  {
   "cell_type": "code",
   "execution_count": null,
   "id": "bbd59a66",
   "metadata": {},
   "outputs": [
    {
     "data": {
      "text/plain": [
       "[np.float64(0.932), np.float64(0.938)]"
      ]
     },
     "execution_count": 29,
     "metadata": {},
     "output_type": "execute_result"
    }
   ],
   "source": [
    " # 训练参数\n",
    "\"\"\"\n",
    "training_rounds = 10\n",
    "em_rounds = 100\n",
    "modelseed = 10\n",
    "assortative = True\n",
    "K = [16,18]\n",
    "K_str = '-'.join(map(str, K))\n",
    "if type(assortative)==list:\n",
    "    st = \",\".join(map(str, assortative))\n",
    "    file_name = f'{em_rounds}_{K_str}_{modelseed}_{assortative}_model.joblib'\n",
    "else:\n",
    "    file_name = f'{em_rounds}_{K_str}_{modelseed}_{assortative}_model.joblib'\n",
    "modelpath = folder_path + '/save_model/' + file_name\n",
    "\n",
    "# 模型训练\n",
    "if os.path.exists(modelpath):\n",
    "    model = joblib.load(modelpath)\n",
    "else:\n",
    "    model = getbestMmodel(K, em_rounds, train_mphy, seed=modelseed, training_rounds=training_rounds, assortative=assortative)\n",
    "    joblib.dump(model, modelpath)\n",
    "\"\"\"\n",
    "# 加载已经训练好的模型\n",
    "train_model = joblib.load(r'..\\data\\link_predict\\HIGHforLP\\save_model\\100_16-18_10_True_model.joblib')\n",
    "train_model.u\n",
    "\"\"\"计算auc\"\"\"\n",
    "seedlist = [425]\n",
    "n_cmparisons = 1000\n",
    "testflag = True\n",
    "hyetrain = Get_arry(train_mphy.hye)\n",
    "auc, auc_lst = fLP.calculate_M_AUC(\n",
    "    test_hye_dic_arrD, train_model.u, train_model.w, N_dic,\n",
    "    mask=None, n_cmparisons=n_cmparisons, testflag=testflag, rseed=425, train_hye=hyetrain, auc_layer=True)\n",
    "auc_lst"
   ]
  },
  {
   "cell_type": "code",
   "execution_count": 5,
   "id": "5feed527",
   "metadata": {},
   "outputs": [
    {
     "data": {
      "text/plain": [
       "{0: array([[2.36794798e-117, 1.83305121e-020, 1.23661627e-061, ...,\n",
       "         2.79065468e-117, 2.44182380e-082, 1.69176161e-051],\n",
       "        [1.00000000e+000, 8.79365564e-025, 6.54196784e-120, ...,\n",
       "         2.93766271e-114, 3.38446132e-045, 0.00000000e+000],\n",
       "        [1.00000000e+000, 0.00000000e+000, 1.50309124e-015, ...,\n",
       "         7.49445287e-059, 0.00000000e+000, 0.00000000e+000],\n",
       "        ...,\n",
       "        [1.00000000e+000, 0.00000000e+000, 0.00000000e+000, ...,\n",
       "         2.37450842e-026, 0.00000000e+000, 0.00000000e+000],\n",
       "        [0.00000000e+000, 0.00000000e+000, 1.27895048e-315, ...,\n",
       "         1.09385930e-072, 0.00000000e+000, 0.00000000e+000],\n",
       "        [0.00000000e+000, 0.00000000e+000, 3.31981183e-001, ...,\n",
       "         1.55861020e-026, 0.00000000e+000, 0.00000000e+000]],\n",
       "       shape=(133922, 10)),\n",
       " 1: array([[0.00000000e+000, 2.56463928e-038, 1.54566626e-038, ...,\n",
       "         0.00000000e+000, 9.99999891e-001, 1.09092777e-007],\n",
       "        [0.00000000e+000, 2.10983399e-038, 8.75863101e-072, ...,\n",
       "         1.21352520e-122, 1.31465176e-148, 1.00000000e+000],\n",
       "        [1.47447308e-104, 4.15133880e-117, 0.00000000e+000, ...,\n",
       "         2.01548244e-026, 8.44484013e-259, 5.82470226e-117],\n",
       "        ...,\n",
       "        [0.00000000e+000, 0.00000000e+000, 6.81414507e-116, ...,\n",
       "         0.00000000e+000, 6.15814995e-031, 0.00000000e+000],\n",
       "        [0.00000000e+000, 9.35835328e-045, 0.00000000e+000, ...,\n",
       "         1.10490816e-157, 2.92011290e-062, 0.00000000e+000],\n",
       "        [1.07255345e-023, 0.00000000e+000, 7.65877506e-221, ...,\n",
       "         0.00000000e+000, 1.00000000e+000, 0.00000000e+000]],\n",
       "       shape=(124795, 10))}"
      ]
     },
     "execution_count": 5,
     "metadata": {},
     "output_type": "execute_result"
    }
   ],
   "source": [
    "# inter-hypergraph edge prediction\n",
    "# 加载训练过的模型\n",
    "train_model_inter = joblib.load(r'..\\data\\link_predict_inter\\author_cite\\save_model\\65_10-10_15_True_model.joblib')\n",
    "train_model_inter.u"
   ]
  },
  {
   "cell_type": "code",
   "execution_count": 6,
   "id": "27bdcf23",
   "metadata": {},
   "outputs": [],
   "source": [
    "\"\"\"准备训练集与测试集\"\"\"\n",
    "# 文件路径\n",
    "document = r'..\\data\\link_predict_inter\\author_cite'\n",
    "hyepath = fr'{document}/hye.txt'\n",
    "weight_path = rf'{document}/weight.txt'\n",
    "\n",
    "train_inter_path = rf'{document}/inter_edge_train.txt'  # 训练集路径\n",
    "test_inter_path = rf'{document}/inter_edge_test.txt'  # 测试集路径\n",
    "\n",
    "train_meta = get_meta(train_inter_path)\n",
    "train_edge_dic_lst = get_layer_dic(train_meta)\n",
    "train_edge_arr = Get_cross_array(train_edge_dic_lst)  # 训练集边集\n",
    "\n",
    "test_meta = get_meta(test_inter_path)\n",
    "test_edge_dic_lst = get_layer_dic(test_meta)\n",
    "test_edge_arr = Get_cross_array(test_edge_dic_lst)  # 测试集边集\n",
    "\n",
    "\"\"\"训练集模型的训练\"\"\"\n",
    "train_mpgh = multiple_hyper_load(hye_file=hyepath, weight_file=weight_path, inter_file=train_inter_path) "
   ]
  },
  {
   "cell_type": "code",
   "execution_count": 7,
   "id": "bea02d22",
   "metadata": {},
   "outputs": [
    {
     "name": "stdout",
     "output_type": "stream",
     "text": [
      "####44种子下的auc为0.796\n",
      "####386种子下的auc为0.807\n",
      "####327种子下的auc为0.811\n",
      "####219种子下的auc为0.8145\n",
      "####216种子下的auc为0.81\n",
      "####429种子下的auc为0.7865\n",
      "####42种子下的auc为0.803\n",
      "####348种子下的auc为0.799\n",
      "####100种子下的auc为0.825\n",
      "####47种子下的auc为0.804\n",
      "层0与层1之间交叉边的auc：\n",
      "0.796\t0.807\t0.811\t0.8145\t0.81\t0.7865\t0.803\t0.799\t0.825\t0.804\n",
      "mean and var:\n",
      "0.8056000000000001 \t 0.00010158999999999986\n"
     ]
    }
   ],
   "source": [
    "\"\"\"计算auc\"\"\"\n",
    "linked_layer_name = train_mpgh.get_inter_layer_name_list()  # 获取连接层的层名关系\n",
    "# 设置相关参数\n",
    "n_comparions = 1000\n",
    "test_flag = True\n",
    "seed = 42\n",
    "rng = np.random.default_rng(seed)\n",
    "seedlst = rng.integers(0, 500, 10)\n",
    "# train =\n",
    "AUC = {}\n",
    "for l_to_l in linked_layer_name:\n",
    "    u_fst = train_model_inter.u[l_to_l[0]]\n",
    "    u_sed = train_model_inter.u[l_to_l[1]]\n",
    "    w_inter = train_model_inter.inter_w[l_to_l]\n",
    "    N_lst = [u_fst.shape[0], u_sed.shape[0]]\n",
    "    auclst = []\n",
    "    for sd in seedlst:\n",
    "        # 输入参数\n",
    "        param = {\n",
    "            'test_flag': True,\n",
    "            'train': train_edge_arr[l_to_l],\n",
    "            'test': test_edge_arr[l_to_l],\n",
    "            'layertolayer': l_to_l,\n",
    "            'N': N_lst,\n",
    "            'seed': sd\n",
    "        }\n",
    "        auc = fLP.calculate_AUC_for_cross(u_fst, u_sed, w_inter, n_comparions, **param)\n",
    "        auclst.append(auc)\n",
    "        print(f\"####{sd}种子下的auc为{auc}\")\n",
    "    AUC[l_to_l] = auclst\n",
    "\n",
    "for l_to_l, a in AUC.items():\n",
    "    print(f'层{l_to_l[0]}与层{l_to_l[1]}之间交叉边的auc：')\n",
    "    print(*a, sep='\\t')\n",
    "    print(\"mean and var:\")\n",
    "    print(np.mean(a), \"\\t\",np.var(a))"
   ]
  }
 ],
 "metadata": {
  "kernelspec": {
   "display_name": ".venv",
   "language": "python",
   "name": "python3"
  },
  "language_info": {
   "codemirror_mode": {
    "name": "ipython",
    "version": 3
   },
   "file_extension": ".py",
   "mimetype": "text/x-python",
   "name": "python",
   "nbconvert_exporter": "python",
   "pygments_lexer": "ipython3",
   "version": "3.12.3"
  }
 },
 "nbformat": 4,
 "nbformat_minor": 5
}
